GEO.id,GEO.id2,GEO.display-label,D001,D002,D003,D004,D005,D006,D007,D008,D009,D010,D011,D012,D013,D014,D015,D016,D017,D018,D019,D020,D021,D022,D023,D024,D025,D026,D027,D028,D029,D030,D031,D032,D033,D034,D035,D036,D037,D038,D039,D040,D041,D042,D043,D044,D045,D046,D047,D048,D049
1580000US5370000053060200,5370000053060200,"Census Tract 602 (part), Pierce County (part), Tacoma city, Washington",1793,1476,5,5,2,0,58,51,47,189,337,219,175,106,94,65,55,16,18,16,7,6,1,2,2,317,1,4,0,2,7,7,5,30,56,44,26,17,24,26,28,10,7,7,6,3,2,3,2
1580000US5370000053060300,5370000053060300,"Census Tract 603 (part), Pierce County (part), Tacoma city, Washington",3357,1595,78,70,71,46,41,11,15,44,110,114,103,108,119,112,142,47,66,29,42,46,45,34,102,1762,70,72,70,45,32,15,12,30,109,109,76,109,96,119,115,47,73,40,43,56,55,120,249
1580000US5370000053060400,5370000053060400,"Census Tract 604, Pierce County (part), Tacoma city, Washington",3896,1931,152,122,108,66,35,18,14,43,103,146,136,161,133,168,165,62,86,40,46,47,45,15,20,1965,105,109,107,72,33,17,14,41,108,153,125,183,157,182,168,55,75,46,46,60,38,32,39
1580000US5370000053060500,5370000053060500,"Census Tract 605, Pierce County (part), Tacoma city, Washington",3923,1883,123,119,112,68,34,18,35,80,72,85,102,149,157,174,169,83,95,32,50,57,32,19,18,2040,98,114,109,77,28,14,34,80,83,107,107,177,162,197,202,65,113,57,49,54,40,31,42
1580000US5370000053060600,5370000053060600,"Census Tract 606, Pierce County (part), Tacoma city, Washington",5262,2491,142,147,121,80,47,19,14,101,239,179,198,208,198,213,163,68,116,43,51,54,39,28,23,2771,153,149,128,86,50,26,25,141,276,199,189,210,216,229,206,83,93,40,63,68,46,47,48
1580000US5370000053060700,5370000053060700,"Census Tract 607, Pierce County (part), Tacoma city, Washington",6523,3073,133,126,125,63,349,235,162,254,199,203,178,201,188,167,161,77,80,40,40,37,24,17,14,3450,140,133,111,67,554,250,226,249,202,193,166,198,215,185,196,61,80,35,48,49,22,34,36
1580000US5370000053060800,5370000053060800,"Census Tract 608, Pierce County (part), Tacoma city, Washington",4940,2366,163,130,138,93,47,27,33,82,172,218,162,185,187,193,153,59,71,41,54,52,45,22,39,2574,154,131,123,70,42,22,26,95,176,212,188,196,195,214,216,60,91,42,54,71,58,54,84
1580000US5370000053060903,5370000053060903,"Census Tract 609.03, Pierce County (part), Tacoma city, Washington",3043,1401,70,69,80,62,31,13,15,42,73,70,89,94,86,109,114,43,56,35,51,74,55,43,27,1642,59,59,67,54,21,19,9,55,82,87,81,84,98,140,144,57,83,50,72,102,96,66,57
1580000US5370000053060904,5370000053060904,"Census Tract 609.04, Pierce County (part), Tacoma city, Washington",5015,2377,187,167,178,77,53,26,29,98,198,181,171,157,170,176,132,51,62,44,50,63,44,39,24,2638,190,164,128,93,43,17,24,126,234,214,167,186,182,209,178,66,84,44,57,79,57,50,46
1580000US5370000053060905,5370000053060905,"Census Tract 609.05, Pierce County (part), Tacoma city, Washington",6359,2816,163,157,152,88,71,25,31,112,168,158,129,176,197,246,205,68,120,49,80,106,97,90,128,3543,150,156,153,122,84,52,41,121,177,175,147,172,218,275,249,102,143,79,95,132,161,206,333
1580000US5370000053060906,5370000053060906,"Census Tract 609.06, Pierce County (part), Tacoma city, Washington",2045,1012,41,53,69,65,17,13,11,59,49,47,64,63,82,71,66,23,42,25,24,36,28,38,26,1033,36,40,57,37,15,7,7,25,45,49,49,74,75,81,86,27,58,23,45,57,48,47,45
1580000US5370000053061001,5370000053061001,"Census Tract 610.01, Pierce County (part), Tacoma city, Washington",3791,1771,92,84,85,61,49,15,15,44,105,88,96,124,157,147,142,62,62,45,49,70,66,43,70,2020,74,76,94,78,33,18,17,45,98,103,108,117,156,171,185,57,70,48,56,88,74,73,181
1580000US5370000053061002,5370000053061002,"Census Tract 610.02, Pierce County (part), Tacoma city, Washington",4187,2093,109,104,88,60,59,43,38,115,195,190,137,139,159,145,125,39,65,21,46,60,55,42,59,2094,107,69,84,69,56,31,37,119,173,138,127,98,155,140,118,58,81,36,50,95,68,80,105
1580000US5370000053061100,5370000053061100,"Census Tract 611, Pierce County (part), Tacoma city, Washington",6200,2865,179,161,182,112,62,43,29,106,241,275,202,205,201,198,181,59,78,45,44,75,62,49,76,3335,203,167,164,95,55,30,36,134,254,259,187,244,223,200,213,72,90,72,74,102,103,138,220
1580000US5370000053061200,5370000053061200,"Census Tract 612, Pierce County (part), Tacoma city, Washington",4968,2469,178,114,137,83,67,44,49,141,237,258,211,169,174,160,133,35,67,29,47,52,25,32,27,2499,168,128,131,80,61,39,35,105,256,231,185,148,180,171,135,58,58,37,42,49,56,52,94
1580000US5370000053061300,5370000053061300,"Census Tract 613, Pierce County (part), Tacoma city, Washington",4808,2383,207,177,194,102,63,33,41,115,235,202,176,164,180,146,125,36,47,24,33,37,18,17,11,2425,214,189,165,104,65,33,37,130,232,196,172,143,156,148,125,46,52,37,33,46,44,37,21
1580000US5370000053061400,5370000053061400,"Census Tract 614, Pierce County (part), Tacoma city, Washington",4442,2801,115,104,86,65,95,71,57,196,319,312,259,265,273,220,150,52,40,21,29,35,21,13,3,1641,132,90,72,34,44,40,29,126,197,149,114,137,111,132,88,31,23,14,12,30,16,14,6
1580000US5370000053061500,5370000053061500,"Census Tract 615, Pierce County (part), Tacoma city, Washington",4742,2342,77,39,31,46,27,33,38,175,410,247,169,194,165,162,162,52,69,32,48,68,37,37,24,2400,88,46,36,37,36,30,40,244,399,219,152,131,159,150,150,53,88,38,60,73,68,51,52
1580000US5370000053061601,5370000053061601,"Census Tract 616.01, Pierce County (part), Tacoma city, Washington",1824,952,32,24,13,6,18,12,12,54,129,103,68,66,74,75,74,13,25,22,18,47,32,17,18,872,29,18,15,5,19,17,15,89,107,60,49,40,44,53,44,11,31,11,29,53,58,35,40
1580000US5370000053061602,5370000053061602,"Census Tract 616.02, Pierce County (part), Tacoma city, Washington",956,630,12,10,6,9,21,10,8,43,92,63,58,58,79,81,39,11,6,8,8,1,5,2,0,326,16,10,7,3,17,16,6,31,55,38,26,22,24,16,20,4,5,2,3,2,2,0,1
1580000US5370000053061700,5370000053061700,"Census Tract 617, Pierce County (part), Tacoma city, Washington",4578,2231,186,166,149,97,69,25,35,97,232,200,165,164,172,138,114,35,48,22,32,36,19,20,10,2347,175,152,144,103,69,30,40,120,240,204,166,154,153,172,128,37,40,17,43,49,41,37,33
1580000US5370000053061800,5370000053061800,"Census Tract 618, Pierce County (part), Tacoma city, Washington",2880,1449,136,92,93,70,29,12,17,68,153,131,116,113,109,96,70,17,33,13,24,21,16,10,10,1431,118,103,93,55,44,17,19,64,135,114,95,97,112,108,75,31,26,19,22,22,22,17,23
1580000US5370000053061900,5370000053061900,"Census Tract 619, Pierce County (part), Tacoma city, Washington",1961,995,62,62,46,33,27,12,14,35,99,85,61,63,71,79,80,28,29,17,22,26,17,15,12,966,72,46,52,31,25,5,12,49,86,72,58,60,75,58,78,19,31,20,26,30,20,14,27
1580000US5370000053062000,5370000053062000,"Census Tract 620, Pierce County (part), Tacoma city, Washington",4228,2124,156,145,140,90,53,19,33,86,179,155,167,158,158,181,119,54,63,31,33,42,27,20,15,2104,178,137,138,75,44,26,28,85,165,157,154,122,160,163,155,36,49,36,52,57,44,19,24
1580000US5370000053062300,5370000053062300,"Census Tract 623, Pierce County (part), Tacoma city, Washington",5244,2642,230,225,206,130,82,33,39,103,238,188,204,199,182,185,128,48,62,35,28,42,30,15,10,2602,262,174,198,130,69,37,32,105,214,202,192,174,180,141,130,64,74,26,38,48,40,41,31
1580000US5370000053062400,5370000053062400,"Census Tract 624, Pierce County (part), Tacoma city, Washington",5471,2707,202,182,183,112,49,26,21,112,247,221,238,202,196,210,164,50,61,31,54,39,44,35,28,2764,198,187,182,91,71,21,27,93,226,218,197,178,194,215,182,53,79,43,51,60,54,69,75
1580000US5370000053062500,5370000053062500,"Census Tract 625, Pierce County (part), Tacoma city, Washington",7073,3588,262,232,286,158,84,41,49,143,310,318,265,260,269,254,210,80,107,51,55,74,42,25,13,3485,255,214,207,154,96,40,53,137,275,304,286,229,256,264,210,75,102,38,62,79,53,50,46
1580000US5370000053062600,5370000053062600,"Census Tract 626, Pierce County (part), Tacoma city, Washington",2977,1537,149,102,95,49,40,26,21,102,165,126,115,82,103,111,97,27,41,12,17,17,17,13,10,1440,142,113,68,44,29,21,26,109,165,114,85,83,93,88,85,27,31,19,16,24,22,21,15
1580000US5370000053062801,5370000053062801,"Census Tract 628.01, Pierce County (part), Tacoma city, Washington",6130,2876,304,246,177,129,97,45,58,210,357,227,181,171,148,155,121,37,45,31,24,30,24,24,35,3254,281,206,191,101,88,56,73,251,419,248,206,216,205,191,152,43,58,23,42,61,23,39,81
1580000US5370000053062802,5370000053062802,"Census Tract 628.02 (part), Pierce County (part), Tacoma city, Washington",4097,2006,151,145,165,103,66,42,22,76,143,151,134,140,153,139,119,34,45,29,27,53,36,23,10,2091,146,151,168,112,53,21,25,78,169,147,146,148,155,155,123,38,42,29,50,47,39,24,25
1580000US5370000053062900,5370000053062900,"Census Tract 629, Pierce County (part), Tacoma city, Washington",7365,3581,322,253,250,140,117,52,67,220,404,295,257,234,240,219,167,69,67,40,48,47,27,19,27,3784,288,235,229,129,136,79,84,298,420,318,245,226,224,244,187,58,91,37,38,61,44,48,65
1580000US5370000053063000,5370000053063000,"Census Tract 630, Pierce County (part), Tacoma city, Washington",2956,1494,122,103,104,72,45,21,22,70,149,107,104,120,100,109,87,21,34,12,16,23,22,16,15,1462,112,106,101,60,36,20,21,66,133,106,106,98,101,97,82,26,34,19,17,40,34,28,19
1580000US5370000053063100,5370000053063100,"Census Tract 631, Pierce County (part), Tacoma city, Washington",4270,2051,163,132,114,76,45,25,21,94,192,139,122,151,125,179,133,55,58,28,37,52,48,32,30,2219,131,142,120,76,51,33,28,97,166,159,125,151,156,169,127,54,68,28,50,82,71,57,78
1580000US5370000053063200,5370000053063200,"Census Tract 632, Pierce County (part), Tacoma city, Washington",4855,2465,181,150,158,108,75,33,32,92,201,192,164,177,185,224,147,38,69,43,42,56,48,29,21,2390,151,159,151,81,54,29,29,84,189,164,153,168,188,199,135,61,62,44,50,75,54,56,54
1580000US5370000053063300,5370000053063300,"Census Tract 633 (part), Pierce County (part), Tacoma city, Washington",7852,3902,342,375,338,187,122,63,60,185,274,274,274,286,246,211,193,59,86,42,49,84,56,46,50,3950,328,305,306,195,114,51,53,120,298,304,277,251,231,227,189,80,104,59,70,92,76,80,140
1580000US5370000053063400,5370000053063400,"Census Tract 634, Pierce County (part), Tacoma city, Washington",7592,3757,307,258,298,174,109,65,52,169,297,277,235,237,277,249,219,76,110,61,55,85,71,40,36,3835,277,257,226,167,107,60,37,185,304,297,193,243,271,278,236,93,99,51,77,125,100,85,67
1580000US5370000053063501,5370000053063501,"Census Tract 635.01, Pierce County (part), Tacoma city, Washington",4164,1992,144,112,126,86,60,31,23,107,147,146,126,124,148,150,135,42,75,30,36,43,41,37,23,2172,147,152,143,105,50,16,28,83,152,155,125,138,146,164,147,55,51,37,59,54,78,57,30
1580000US5370000053063502,5370000053063502,"Census Tract 635.02, Pierce County (part), Tacoma city, Washington",5179,2547,232,196,208,105,72,39,43,121,214,188,173,151,170,165,154,65,65,35,42,47,32,18,12,2632,196,204,175,122,77,50,41,125,199,172,193,169,163,191,178,66,57,50,36,60,49,34,25
1580000US5370000053071601,5370000053071601,"Census Tract 716.01 (part), Pierce County (part), Tacoma city, Washington",59,32,4,3,4,2,1,2,0,2,2,4,1,4,1,1,1,0,0,0,0,0,0,0,0,27,3,5,2,2,1,0,0,1,5,2,1,1,1,1,1,0,0,0,0,0,1,0,0
1580000US5370000053071703,5370000053071703,"Census Tract 717.03 (part), Pierce County (part), Tacoma city, Washington",2181,1024,135,78,56,30,31,19,33,92,130,92,64,40,37,47,31,7,12,11,14,11,20,13,21,1157,123,68,60,28,38,33,38,104,121,77,68,40,43,44,51,20,19,9,26,29,39,36,43
1580000US5370000053071704,5370000053071704,"Census Tract 717.04 (part), Pierce County (part), Tacoma city, Washington",0,0,0,0,0,0,0,0,0,0,0,0,0,0,0,0,0,0,0,0,0,0,0,0,0,0,0,0,0,0,0,0,0,0,0,0,0,0,0,0,0,0,0,0,0,0,0,0,0
1580000US5370000053071705,5370000053071705,"Census Tract 717.05 (part), Pierce County (part), Tacoma city, Washington",55,26,1,1,1,0,2,0,1,2,3,1,1,2,2,2,2,1,1,0,1,0,1,0,1,29,2,1,1,1,1,0,0,1,3,1,1,1,3,3,2,3,1,0,1,1,0,1,1
1580000US5370000053071803,5370000053071803,"Census Tract 718.03 (part), Pierce County (part), Tacoma city, Washington",7,3,1,0,0,0,0,0,0,0,1,0,0,0,0,0,0,0,0,0,0,0,0,1,0,4,0,0,1,0,0,0,0,0,0,0,0,0,0,1,1,0,0,0,0,0,0,1,0
1580000US5370000053072305,5370000053072305,"Census Tract 723.05 (part), Pierce County (part), Tacoma city, Washington",0,0,0,0,0,0,0,0,0,0,0,0,0,0,0,0,0,0,0,0,0,0,0,0,0,0,0,0,0,0,0,0,0,0,0,0,0,0,0,0,0,0,0,0,0,0,0,0,0
1580000US5370000053072309,5370000053072309,"Census Tract 723.09 (part), Pierce County (part), Tacoma city, Washington",1502,736,87,55,45,25,21,23,13,100,135,56,40,34,25,20,19,5,10,3,6,2,4,7,1,766,81,42,40,20,19,35,15,106,127,68,36,37,29,29,28,6,5,6,5,10,12,5,5
1580000US5370000053072310,5370000053072310,"Census Tract 723.10 (part), Pierce County (part), Tacoma city, Washington",109,48,2,1,0,1,1,1,0,0,2,3,6,1,2,7,2,0,3,1,2,6,4,3,0,61,1,1,2,2,1,1,2,3,2,1,1,4,2,2,4,2,6,2,4,7,4,4,3
1580000US5370000053072311,5370000053072311,"Census Tract 723.11 (part), Pierce County (part), Tacoma city, Washington",16,6,0,0,0,0,0,0,0,0,0,0,0,0,0,1,0,0,2,0,0,0,1,1,1,10,0,0,0,0,1,0,0,0,0,0,0,0,0,0,0,2,2,1,0,0,3,0,1
1580000US5370000053072312,5370000053072312,"Census Tract 723.12 (part), Pierce County (part), Tacoma city, Washington",1167,520,91,63,42,13,10,4,12,31,49,49,30,25,21,20,13,5,6,8,3,10,3,4,8,647,64,43,26,15,20,14,27,48,78,39,36,32,33,34,18,16,6,7,8,17,13,22,31
1580000US5370000053940001,5370000053940001,"Census Tract 9400.01 (part), Pierce County (part), Tacoma city, Washington",773,370,25,39,44,18,6,4,2,4,6,14,30,47,38,38,17,4,9,6,8,5,4,2,0,403,22,38,56,29,6,2,1,6,9,15,32,53,44,28,18,12,13,3,6,6,1,1,2
1580000US5370000053940002,5370000053940002,"Census Tract 9400.02 (part), Pierce County (part), Tacoma city, Washington",176,104,9,9,5,4,3,3,0,4,8,8,9,12,7,7,9,2,1,0,2,1,0,1,0,72,4,10,1,2,3,2,1,1,7,6,5,4,9,5,6,0,4,0,2,0,0,0,0
1580000US5370000053940004,5370000053940004,"Census Tract 9400.04 (part), Pierce County (part), Tacoma city, Washington",4,3,0,0,0,0,0,0,0,0,0,0,0,0,0,0,0,0,0,1,0,0,0,1,1,1,0,0,0,0,0,0,0,0,0,0,0,0,0,0,0,0,0,1,0,0,0,0,0
1580000US5370000053940005,5370000053940005,"Census Tract 9400.05, Pierce County (part), Tacoma city, Washington",5839,2914,236,209,260,155,106,36,39,106,199,211,224,235,251,216,174,54,56,30,28,36,28,12,13,2925,196,218,222,146,92,35,46,111,204,201,248,238,237,252,178,50,61,30,40,48,25,25,22
1580000US5370000053940006,5370000053940006,"Census Tract 9400.06, Pierce County (part), Tacoma city, Washington",2447,1065,163,200,161,81,42,14,10,28,55,49,53,37,31,23,29,11,10,9,10,24,20,4,1,1382,168,161,143,80,28,21,8,58,150,118,96,57,63,58,36,13,25,16,17,34,16,7,9
1580000US5370000053940007,5370000053940007,"Census Tract 9400.07 (part), Pierce County (part), Tacoma city, Washington",3122,1570,161,126,120,87,33,21,37,50,134,115,119,88,117,118,89,27,34,17,22,23,10,12,10,1552,154,133,125,81,52,18,31,61,132,121,97,95,102,89,79,26,25,15,27,29,20,18,22
1580000US5370000053940008,5370000053940008,"Census Tract 9400.08, Pierce County (part), Tacoma city, Washington",5902,2838,166,188,245,152,91,45,40,110,156,143,207,242,255,216,167,60,97,42,67,66,49,21,13,3064,170,224,245,153,70,31,37,125,165,201,224,288,260,234,180,71,95,40,62,72,44,39,34
1580000US5370000053940011,5370000053940011,"Census Tract 9400.11 (part), Pierce County (part), Tacoma city, Washington",4092,2028,108,125,148,82,37,8,16,44,67,82,118,124,180,211,211,76,99,55,57,63,48,49,20,2064,89,101,132,96,35,10,20,40,86,107,117,126,193,211,218,77,105,56,64,61,50,31,39
